False
True
False
False
True

5
False
0
True
0
1
40
0
0
1
1
1
1
1
0
4
1
5
0
0
0
0
0
1
7
0
4
80007CA0
20406
A0000019
3
1
0

500
500
0
1
7
0
0
1
1
1
0
0
1
0
0
50
0
0
0
0
0
255

0
1
0
1
AAAAAAAA
AAAAAAAA
AAAAAAAA
AAAAAAAA
AAAAAAAA
2800B929
40003E88
B
11F4827
1D32A64A
1890803
6
20642
1E28005
FFF7FFE1
200004
80FF25A0
True
False
0
100
0
24125
50
33554432
8388608
241
24125
7
C20443
FA1206
7A1206
7408052
800115
115
9
780144
780104
F83C1000
1
3
0
0
3
2
15
True
3
0
0
0
0
1
0
0
0
0
0
7
False
False
0
100
0
24025
12012.5
100
33554432
4194304
120
1
12012.5
1
1
0
0
0
0
10
0
0
0
7
0
0.000
0
0
0
0
0
0
0


0
0
0
0
1000000
0
34
2
1000000
0
34
2
False
False
True
ABC123
